ekl: [5.881568403123181, 0.8072170389891767, 1.4064519275918326, 5.881568403123181, 2.77581128952904, 3.5165387657391682, 1.4064519275918326, 4.858887802857936, 1.0213509996788876, 6.7331526948676546, 2.4496986333052178, 4.3787851797752095, 2.77581128952904, 0.9102391435367865]
gap: [-12.719013301646953, -7.45101787195, -9.314034767413915, -12.719013301646953, -11.788656112094515, -12.547275786750447, -9.314034767413915, -13.08204313118847, -8.209097090132502, -8.64119516012056, -11.343949857641064, -13.015751388684976, -11.788656112094515, -7.831741938141022]
eig': [-6.837444898523772, -6.643800832960824, -7.907582839822083, -6.837444898523772, -9.012844822565475, -9.030737021011278, -7.907582839822083, -8.223155328330535, -7.187746090453615, -1.9080424652529056, -8.894251224335846, -8.636966208909765, -9.012844822565475, -6.921502794604235]
eig: [-6.837444898523753, -6.643800832960859, -7.907582839822088, -6.837444898523753, -9.012844822565476, -9.030737021011209, -7.907582839822088, -8.22315532833052, -7.187746090453649, -1.9080424652529129, -8.894251224335854, -8.63696620890974, -9.012844822565448, -6.921502794604289]
VALIDATED

ekl: [5.194643495046378, 6.7331526948676546, 3.51648700846104, 4.535871653397711, 1.7105446394151826, 1.7105321662855608, 3.51648700846104, 3.1305589359252477, 1.2690845444668786, 4.2268117949340605, 2.449676296004009]
gap: [-13.041495579867842, -8.64119516012056, -12.547183559941146, -13.054117801969738, -10.022780881435466, -10.022741607673737, -12.547183559941146, -12.192933106004233, -8.9508285388155, -12.966459785475195, -11.343894378150765]
eig': [-7.846852084821464, -1.9080424652529056, -9.030696551480107, -8.518246148572027, -8.312236242020283, -8.312209441388177, -9.030696551480107, -9.062374170078986, -7.681743994348622, -8.739647990541133, -8.894218082146756]
eig: [-7.846852084821431, -1.9080424652529129, -9.030696551480146, -8.518246148572008, -8.312236242020298, -8.31220944138818, -9.030696551480117, -9.06237417007898, -7.681743994348598, -8.739647990541135, -8.894218082146736]
VALIDATED

ekl: [5.242402586050524, 4.5359748976302035, 1.71050722011924, 6.241833743189249, 6.333425810659289, 0.0, 6.333425810659289, 5.366699017247849, 6.7331526948676546, 4.077685353544647, 1.6312034343375232]
gap: [-4.224086154722983, -13.05422352838525, -10.022663060044465, -12.401413688962549, -7.256114995292393, 0.0, -7.256114995292393, -12.993616810556261, -8.641195160120589, -12.90337982543403, -9.849651924685134]
eig': [1.0183164313275412, -8.518248630755046, -8.312155839925225, -6.1595799457733, -0.9226891846331036, 0.0, -0.9226891846331036, -7.6269177933084125, -1.908042465252934, -8.825694471889383, -8.21844849034761]
eig: [1.0183164313275705, -8.51824863075505, -8.312155839925222, -6.159579945773284, -0.9226891846330956, 0.0, -0.9226891846330956, -7.626917793308403, -1.9080424652528842, -8.825694471889381, -8.218448490347656]
VALIDATED

ekl: [4.077685353544647, 2.7757719255815396, 1.8788394508532613, 5.711658235659779, 5.194614030049646, 5.366551236621147, 2.77569319796562, 1.9666109871819752, 5.242402586050524, 3.130583742810566, 6.383039816771436, 6.441650787281399]
gap: [-12.903379825434087, -11.788567276454557, -10.368641643287049, -12.833522802473283, -13.041482500452958, -12.993573832277917, -11.788389603254672, -10.53702591470008, -4.224086154723011, -12.192983410705807, -12.211786860024802, -6.171183644378914]
eig': [-8.82569447188944, -9.012795350873018, -8.489802192433787, -7.121864566813504, -7.846868470403312, -7.62702259565677, -9.012696405289052, -8.570414927518106, 1.0183164313275128, -9.06239966789524, -5.828747043253365, 0.2704671429024854]
eig: [-8.82569447188941, -9.01279535087302, -8.489802192433794, -7.121864566813512, -7.846868470403284, -7.627022595656779, -9.012696405289063, -8.57041492751809, 1.0183164313275421, -9.062399667895182, -5.828747043253364, 0.27046714290248364]
VALIDATED

ekl: [3.9313469511792394, 1.7104822740766519, 4.8587434039674395, 3.255620287581945, 1.4785212594551327, 3.9313469511792394, 4.858743403967439, 5.711629399741104, 2.0572650586069567]
gap: [-12.82747737439999, -10.02258451227354, -13.081935889483361, -12.317199857628879, -9.49287588243871, -12.82747737439999, -13.081935889483361, -12.833523724741468, -10.703382300517063]
eig': [-8.89613042322075, -8.312102238196887, -8.223192485515922, -9.061579570046934, -8.014354622983578, -8.89613042322075, -8.223192485515924, -7.121894325000365, -8.646117241910106]
eig: [-8.896130423220704, -8.312102238196923, -8.223192485515884, -9.061579570046932, -8.014354622983534, -8.896130423220704, -8.223192485515883, -7.121894325000358, -8.646117241910098]
VALIDATED

ekl: [1.4637068404714737, 0.8314667498282302, 1.2212783188297487, 2.5021233703111814, 0.09142243139340293, 0.11211111151815538, 0.40594582250140443, 0.49608916573182454, 6.457511101917735, 6.5567911556579945, 0.10146123709650696]
gap: [-0.7825889118034866, -0.4523027190122093, -0.434152486060583, -3.0622853286874943, 1.4354655288762785, 0.7883632003220669, 0.9154360880467038, 0.8615689920293335, -4.464190344764177, -3.489102203247569, 1.6239339663849535]
eig': [0.6811179286679871, 0.3791640308160209, 0.7871258327691657, -0.5601619583763129, 1.5268879602696814, 0.9004743118402222, 1.3213819105481082, 1.357658157761158, 1.9933207571535583, 3.0676889524104256, 1.7253952034814604]
eig: [0.6811179286679405, 0.3791640308160341, 0.7871258327690975, -0.5601619583763626, 1.526887960269657, 0.9004743118401708, 1.3213819105480744, 1.3576581577611537, 1.9933207571535625, 3.0676889524103865, 1.7253952034814608]
VALIDATED

ekl: [6.594762651655139, 12.117785589281796, 9.0205946282148, 11.795599552381166, 9.343898412026059, 12.806622869492047, 9.836088083516147, 12.17011721951054, 8.435804417037463, 11.384477175193293]
gap: [10.026863174452956, 4.536882415542038, 0.09242652741227175, 0.19810753664518188, 9.839821317556385, 1.2497535520215024, -0.246660720828487, 1.0818425797169198, 0.5983780605352251, 0.20552650126873573]
eig': [16.621625826108094, 16.654668004823833, 9.113021155627072, 11.993707089026348, 19.183719729582442, 14.05637642151355, 9.58942736268766, 13.25195979922746, 9.034182477572688, 11.590003676462029]
eig: [16.621625826108094, 16.65466800482384, 9.11302115562705, 11.99370708902635, 19.18371972958241, 14.056376421513548, 9.589427362687678, 13.25195979922746, 9.034182477572669, 11.590003676462006]
VALIDATED

ekl: [6.330965385987088, 4.231695171611569, 5.882848704074855, 6.5686237597548525, 6.892521731059692, 1.9769844285624194, 4.231552570956779, 6.737201382524594, 6.516006620915526, 6.333061313669971, 5.242385123494673, 6.330965385987088]
gap: [-7.2550066697641, -3.1046384526848527, -12.721086350067921, -7.980064736276844, -9.788044139200068, -1.088214060330543, -3.104355580185782, -11.436223608563793, -11.991220741810494, -7.255950862212359, -4.223858269392508, -7.2550066697641]
eig': [-0.9240412837770124, 1.127056718926716, -6.838237645993066, -1.411440976521992, -2.8955224081403754, 0.8887703682318764, 1.1271969907709973, -4.699022226039199, -5.475214120894968, -0.922889548542388, 1.0185268541021646, -0.9240412837770124]
eig: [-0.9240412837770178, 1.127056718926705, -6.838237645993045, -1.4114409765219813, -2.8955224081403994, 0.8887703682318798, 1.1271969907709807, -4.6990222260392205, -5.475214120894971, -0.922889548542398, 1.018526854102168, -0.9240412837770178]
VALIDATED

ekl: [6.44057154538784, 6.241634208782301, 6.892537318747939, 6.900996809440495, 3.9312127290141436, 3.651257421700764, 6.241675496017442, 6.515960647306469, 6.241675496017442, 5.882774575713321, 6.839428056172789, 6.734710268341612]
gap: [-6.171218330658007, -12.401558176319426, -9.788314056034366, -10.274388132749479, -12.827276178787955, -12.649350562302331, -12.401528297692877, -11.99130766011426, -12.401528297692906, -12.721102353172128, -9.24503623225148, -8.643379430604611]
eig': [0.26935321472983276, -6.159923967537125, -2.895776737286427, -3.373391323308984, -8.896063449773811, -8.998093140601567, -6.159852801675435, -5.475347012807791, -6.159852801675464, -6.838327777458807, -2.4056081760786903, -1.9086691622629992]
eig: [0.26935321472983054, -6.159923967537116, -2.895776737286437, -3.3733913233089745, -8.89606344977381, -8.998093140601599, -6.159852801675456, -5.475347012807783, -6.159852801675456, -6.838327777458813, -2.4056081760786823, -1.9086691622629979]
VALIDATED

ekl: [4.23190893489206, 0.0, 5.242385123494673, 6.90100357877354, 4.23190893489206, 6.333061313669971, 6.382967001194123, 6.737217843327182, 6.892517484997742, 6.81794956825589, 6.090771089959955, 6.44057154538784, 6.892510413115803]
gap: [-3.105062665396602, 0.0, -4.223858269392494, -10.274525609453818, -3.105062665396602, -7.2559508622123445, -12.211873689420415, -11.43613398309445, -9.787970525121679, -11.094873118085829, -12.558750349013977, -6.171218330658007, -9.787847834619]
eig': [1.1268462694954584, 0.0, 1.0185268541021788, -3.3735220306802773, 1.1268462694954584, -0.9228895485423738, -5.828906688226292, -4.6989161397672685, -2.895453040123937, -4.276923549829939, -6.4679792590540215, 0.26935321472983276, -2.895337421503198]
eig: [1.1268462694954449, 0.0, 1.018526854102168, -3.373522030680287, 1.126846269495439, -0.922889548542398, -5.82890668822629, -4.698916139767297, -2.8954530401239627, -4.276923549829938, -6.46797925905403, 0.26935321472983054, -2.8953374215032133]
VALIDATED

ekl: [4.3787851797752095, 2.77581128952904, 1.8789179703397565, 2.77581128952904, 1.4064519275918326, 4.3787851797752095, 6.7355711029005]
gap: [-13.015751388684976, -11.788656112094515, -10.368874782727772, -11.788656112094515, -9.314034767413915, -13.015751388684976, -11.43386634784909]
eig': [-8.636966208909765, -9.012844822565475, -8.489956812388016, -9.012844822565475, -7.907582839822083, -8.636966208909765, -4.69829524494859]
eig: [-8.636966208909767, -9.012844822565476, -8.489956812388021, -9.012844822565448, -7.907582839822088, -8.636966208909767, -4.698295244948588]
VALIDATED

ekl: [6.851233104208298, 2.788756636963004, 1.6526310710040808, 3.450231885995857, 6.7378934141635884, 1.5638162282876138, 6.745108415529812, 2.776140128396814, 0.7915393911443875, 4.444114952784215, 4.471603560405947]
gap: [-11.31098742885328, -11.631272836837155, -9.513153853090756, -11.906281711497257, -11.4217602901428, -8.209276998098034, -11.398676789059891, -11.736809387406396, -5.694159385279505, -12.831415739525568, -12.799092939613615]
eig': [-4.459754324644983, -8.84251619987415, -7.860522782086676, -8.4560498255014, -4.683866875979211, -6.64546076981042, -4.653568373530079, -8.960669259009581, -4.902619994135118, -8.387300786741353, -8.327489379207668]
eig: [-4.459754324645007, -8.842516199874176, -7.86052278208668, -8.456049825501395, -4.683866875979202, -6.64546076981039, -4.653568373530047, -8.960669259009578, -4.902619994135095, -8.387300786741347, -8.32748937920767]
VALIDATED

ekl: [3.0700096360880265, 0.6117502494417321, 0.6385918252592734, 0.22539218849232012, 0.1691273753663901, 0.19934282721080893, 2.7774391379894725, 0.8674043666583324, 0.18215371513633694, 0.7965148446293253, 0.20142778668236297, 0.21342556814652297]
gap: [-2.0157792232624843, 0.19206175170165807, 0.3262223719350743, 1.4913382016272863, 2.126543508843241, 2.4601862164024624, -3.365690866375189, 1.224660128970953, 1.205996137368487, 0.9834671205348684, 2.5092796098770975, 1.9001214417585572]
eig': [1.0542304128255422, 0.8038120011433901, 0.9648141971943477, 1.7167303901196065, 2.295670884209631, 2.6595290436132712, -0.5882517283857167, 2.0920644956292858, 1.388149852504824, 1.7799819651641937, 2.7107073965594606, 2.1135470099050804]
eig: [1.054230412825508, 0.8038120011433825, 0.9648141971943589, 1.7167303901195952, 2.295670884209649, 2.659529043613281, -0.5882517283857136, 2.0920644956292773, 1.3881498525048228, 1.7799819651642408, 2.7107073965594277, 2.1135470099050364]
VALIDATED

ekl: [3.5714376412377273, 2.800633160110947, 3.6039430106832544, 7.114919441058763, 6.720905357304346, 5.4324798858419125, 3.386355648782268, 2.745027208834391]
gap: [5.633734865265893, 7.683313389982914, 5.484126849323303, 5.6742433769809395, 5.60444821642335, 3.2001977775054513, 5.793861070540345, 8.456905255418832]
eig': [9.20517250650362, 10.483946550093862, 9.088069860006557, 12.789162818039703, 12.325353573727696, 8.632677663347364, 9.180216719322612, 11.201932464253222]
eig: [9.205172506503649, 10.483946550093876, 9.088069860006573, 12.789162818039681, 12.325353573727698, 8.632677663347426, 9.180216719322608, 11.20193246425322]
VALIDATED

ekl: [6.165799920113394, 0.23337047697263033, 6.330817403734126, 1.1481160090552385, 7.364221769155564, 1.762952433324341, 3.6902007039236535, 6.676020663038192, 0.2472837223865941, 7.258593829404889, 0.239684845218289, 2.1078301364602807]
gap: [1.3160035842047364, 1.8704565079046631, -3.832914613246203, -1.5422763877123202, -0.6315142637496365, 0.9397854137649517, -3.3955610092857285, -1.5144733611165293, 1.4938173947415407, -1.717624027795381, 1.4222633701788823, 0.7552967191913353]
eig': [7.481803504318131, 2.1038269848772932, 2.497902790487923, -0.39416037865708176, 6.732707505405927, 2.702737847089293, 0.29463969463792505, 5.1615473019216624, 1.7411011171281348, 5.540969801609508, 1.6619482153971712, 2.863126855651616]
eig: [7.481803504318144, 2.1038269848773163, 2.4979027904879043, -0.3941603786571054, 6.732707505405933, 2.7027378470892596, 0.2946396946379055, 5.161547301921646, 1.7411011171281576, 5.54096980160949, 1.6619482153971536, 2.8631268556515996]
VALIDATED

ekl: [8.486474478111639, 8.745004055318711, 10.155546520225494, 8.43963262874575, 1.667193664081865, 3.688171292272318, 5.490175508732573, 10.172598053717818, 9.2749816940815, 4.367085586939879, 6.841004512865356, 4.269987826206558]
gap: [-5.44569407792801, -5.703698531498048, -4.345614618990055, -6.062426722001021, 3.8445737246333493, 7.040088953939559, -3.5672115670480196, -2.806917196909353, -4.9095473947339485, 2.4455593478671744, -3.5363052473817334, -4.158710415881245]
eig': [3.0407804001836283, 3.0413055238206628, 5.809931901235439, 2.377205906744729, 5.5117673887152145, 10.728260246211878, 1.9229639416845536, 7.365680856808465, 4.365434299347552, 6.812644934807054, 3.304699265483623, 0.11127741032531269]
eig: [3.0407804001836354, 3.0413055238206756, 5.809931901235419, 2.377205906744734, 5.511767388715216, 10.72826024621188, 1.9229639416845425, 7.365680856808451, 4.3654342993475765, 6.812644934807031, 3.3046992654836336, 0.11127741032532068]
VALIDATED

ekl: [6.004634388877824, 1.0228467079116894, 6.331238774600239, 1.0228467079116894, 6.090967737573839, 6.330965385987089, 6.567120372204319, 4.694476556459339, 6.817916437694494, 6.5158840101428135, 3.9312127290141436, 6.004634388877825]
gap: [-5.277813867684387, -0.38978936273187514, -7.255129866563578, -0.38978936273187514, -12.55867537909839, -7.255006669764114, -7.978545677463018, -13.074340168720937, -11.09529835975826, -11.991452477378516, -12.827276178787969, -5.277813867684387]
eig': [0.7268205211934378, 0.6330573451798143, -0.9238910919633394, 0.6330573451798143, -6.46770764152455, -0.9240412837770249, -1.4114253052586987, -8.379863612261598, -4.277381922063766, -5.475568467235703, -8.896063449773825, 0.7268205211934387]
eig: [0.726820521193442, 0.6330573451798149, -0.9238910919633398, 0.6330573451798149, -6.467707641524534, -0.924041283777032, -1.4114253052587022, -8.379863612261612, -4.277381922063753, -5.475568467235682, -8.896063449773822, 0.7268205211934419]
VALIDATED

ekl: [5.711273745893036, 6.6350205802289155, 6.875771234875072, 6.5686237597548525, 4.694371992197186, 6.382912382800419, 1.9769844285624194, 1.9776758651576167, 6.090839164330482]
gap: [-12.833534973846469, -11.733369725800515, -10.71032763008401, -7.980064736276859, -13.074247436181224, -12.211938788758573, -1.0882140603305572, -1.089018450663275, -12.55872441349672]
eig': [-7.122261227953433, -5.098349145571599, -3.8345563952089377, -1.4114409765220062, -8.379875443984037, -5.829026405958154, 0.8887703682318622, 0.8886574144943418, -6.467885249166238]
eig: [-7.122261227953445, -5.0983491455715875, -3.8345563952089243, -1.4114409765220053, -8.379875443984, -5.829026405958164, 0.8887703682318657, 0.8886574144943449, -6.467885249166276]
VALIDATED

ekl: [3.1265881812895127, 7.412952074999129, 3.3855092626461825, 7.405353622428343, 3.3855092626461825, 3.922225209191758, 5.563601592096045, 2.6086701768945715, 1.6693135974086963, 4.595483033956114, 3.173759022529395, 4.2799331195330295]
gap: [3.1381289920878572, -0.15794105127162084, 2.457545020903382, -0.03217297648288309, 2.457545020903382, 1.643481328207784, 1.1412984885959503, 2.549567766421802, 2.2969262462005844, 4.344219606313118, 3.256788821645827, 0.9172254771096107]
eig': [6.26471717337737, 7.2550110237275085, 5.843054283549565, 7.37318064594546, 5.843054283549565, 5.565706537399542, 6.704900080691996, 5.158237943316374, 3.966239843609281, 8.939702640269232, 6.430547844175222, 5.19715859664264]
eig: [6.264717173377366, 7.25501102372751, 5.843054283549556, 7.373180645945482, 5.843054283549556, 5.565706537399555, 6.704900080691991, 5.15823794331638, 3.9662398436092734, 8.93970264026924, 6.430547844175224, 5.197158596642621]
VALIDATED

ekl: [7.292265489271058, 7.684628331857235, 0.6443028168241101, 7.665862352218456, 6.904871113876268, 4.156536905923541, 4.912618594494509, 1.7235412253427604, 7.526822943610243, 7.524048314779773, 7.738967332864836, 0.6443028168242071, 5.51479485630783, 7.5104030308394805]
gap: [-5.509077905048159, -9.124783770609085, 2.625009003019045, -8.486959507618991, -3.540747464788808, -0.16224207298148485, -0.5556800913439304, 2.177408198306665, -8.66104345585886, -5.61219357560357, -5.997611141214108, 2.6250090026459816, -1.6795767033624713, -8.613728625697362]
eig': [1.7831875842228992, -1.4401554387518498, 3.269311819843155, -0.8210971554005351, 3.3641236490874604, 3.994294832942056, 4.3569385031505785, 3.9009494236494255, -1.134220512248616, 1.9118547391762037, 1.7413561916507279, 3.2693118194701887, 3.835218152945359, -1.103325594857882]
eig: [1.7831875842228997, -1.440155438751848, 3.2693118198431534, -0.8210971554005424, 3.36412364908745, 3.9942948329420727, 4.356938503150593, 3.9009494236494238, -1.1342205122486058, 1.9118547391762142, 1.7413561916507347, 3.2693118194701882, 3.83521815294538, -1.1033255948578953]
VALIDATED

ekl: [6.7355711029005, 2.77581128952904, 4.226894232615611, 1.4064519275918326, 6.7331526948676546, 1.4064519275918326, 1.4064519275918326, 1.4064519275918326, 2.77581128952904, 6.7331526948676546, 6.7331526948676546]
gap: [-11.43386634784909, -11.788656112094515, -12.966565069520442, -9.314034767413915, -8.64119516012056, -9.314034767413915, -9.314034767413915, -9.314034767413915, -11.788656112094515, -8.64119516012056, -8.64119516012056]
eig': [-4.69829524494859, -9.012844822565475, -8.739670836904832, -7.907582839822083, -1.9080424652529056, -7.907582839822083, -7.907582839822083, -7.907582839822083, -9.012844822565475, -1.9080424652529056, -1.9080424652529056]
eig: [-4.698295244948588, -9.012844822565476, -8.739670836904846, -7.907582839822088, -1.9080424652529129, -7.907582839822088, -7.907582839822088, -7.907582839822088, -9.012844822565448, -1.9080424652529129, -1.9080424652529129]
VALIDATED

ekl: [6.543846593791274, 0.030694138413795573, 3.7029014870756916, 0.13500383494874105, 0.1847978584867193, 0.029302793370116275, 0.6904482472085823, 0.03330810082674949, 0.03458589415557231, 0.156380862641533, 0.035215554559378984, 0.14452834148245752, 0.15398344600880523, 0.5891962268056349]
gap: [-4.105782557454347, 0.5403114212099638, -5.045264037705209, 0.3241963403145576, -0.12410027627055342, 0.9842961690506513, -1.8163795841500416, 0.9516525480237874, 0.8544237408009963, -0.12065587594318572, 0.8618913662947136, 0.4024926806087592, 0.4787152482464023, -0.7750165848093786]
eig': [2.438064036336927, 0.5710055596237593, -1.3423625506295176, 0.4592001752632986, 0.06069758221616589, 1.0135989624207675, -1.1259313369414592, 0.9849606488505369, 0.8890096349565686, 0.03572498669834728, 0.8971069208540926, 0.5470210220912167, 0.6326986942552075, -0.18582035800374375]
eig: [2.4380640363369435, 0.5710055596237582, -1.3423625506294568, 0.4592001752632957, 0.060697582216191925, 1.013598962420742, -1.12593133694146, 0.9849606488505337, 0.8890096349565982, 0.03572498669837229, 0.8971069208540737, 0.5470210220912146, 0.6326986942551809, -0.1858203580037694]
VALIDATED

ekl: [7.706541888908033, 8.36329790134748, 0.8226349448179084, 0.8390980261702083, 8.376230048350703, 3.2773703414075546, 2.9073282639715274, 8.72573140900972, 8.484379318140114, 8.343867124663404, 9.757783421988597]
gap: [-4.708798923930317, -3.2432363683211634, 2.3811963436487247, 4.449674109448949, -4.921953653082056, 3.307735436864675, 3.5623324274864103, -4.940811822106809, 4.267525348723183, -4.825880060864051, -3.4995563908457257]
eig': [2.997742964977716, 5.120061533026316, 3.203831288466633, 5.2887721356191575, 3.4542763952686464, 6.585105778272229, 6.469660691457937, 3.7849195869029106, 12.751904666863297, 3.517987063799353, 6.258227031142871]
eig: [2.997742964977745, 5.120061533026349, 3.203831288466628, 5.288772135619128, 3.4542763952686495, 6.585105778272199, 6.469660691457957, 3.7849195869029213, 12.75190466686329, 3.5179870637993362, 6.258227031142839]
VALIDATED

ekl: [5.366551236621147, 5.711514054745864, 6.004729382843519, 6.241758063828892, 6.241758063828892, 2.775661707023522, 2.2475539025024416, 4.8587434039674395, 3.9312127290141436, 6.091066047983057, 6.441856262808918, 3.1304597085662755, 5.711629399741104, 6.441856262808918]
gap: [-12.993573832277974, -12.833527398546067, -5.277725222184927, -12.401468516478133, -12.401468516478133, -11.78831853325812, -11.029490659523674, -13.081935889483361, -12.827276178787969, -12.558637842416942, -6.1711769328894945, -12.19273188396275, -12.833523724741525, -6.1711769328894945]
eig': [-7.627022595656827, -7.122013343800203, 0.7270041606585922, -6.15971045264924, -6.15971045264924, -9.012656826234599, -8.781936757021231, -8.223192485515922, -8.896063449773825, -6.467571794433885, 0.2706793299194237, -9.062272175396474, -7.121894325000421, 0.2706793299194237]
eig: [-7.627022595656781, -7.122013343800216, 0.72700416065857, -6.159710452649241, -6.159710452649241, -9.012656826234627, -8.781936757021253, -8.223192485515938, -8.896063449773822, -6.4675717944338915, 0.27067932991941934, -9.062272175396481, -7.121894325000415, 0.27067932991941934]
VALIDATED

ekl: [3.9643469137594436, 7.418474160638235, 7.884801205944767, 7.891564989494452, 5.155245612127022, 7.513880345378656, 4.2247298668621065, 7.371246952403798, 6.634405165122532, 7.585144791742347, 6.498018961040346, 7.750248653996016, 5.616125337507273, 5.9674160663993305]
gap: [-9.354490151476512, -9.411897986609404, -7.3161015820266755, -6.4567028512844615, -0.4690219570716465, -9.766459858895615, 0.364585762085909, -9.236626575105504, -10.134327690886039, -9.299491291217805, -10.413490298713356, -9.167775976056191, -10.180551000996417, -10.400961546034551]
eig': [-5.3901432377170675, -1.9934238259711687, 0.5686996239180919, 1.4348621382099909, 4.686223655055375, -2.2525795135169595, 4.5893156289480155, -1.865379622701706, -3.499922525763507, -1.7143464994754583, -3.9154713376730097, -1.4175273220601756, -4.564425663489144, -4.433545479635221]
eig: [-5.390143237717084, -1.993423825971137, 0.5686996239180722, 1.4348621382099878, 4.686223655055342, -2.2525795135169404, 4.589315628948017, -1.8653796227017199, -3.4999225257635103, -1.7143464994754356, -3.91547133767299, -1.417527322060208, -4.564425663489155, -4.433545479635241]
VALIDATED

ekl: [5.36649212469118, 5.194496170873169, 6.090952612102663, 6.875771230017723, 5.025435837749047, 1.0228467079116894, 4.694571615640723, 6.090884544866255, 5.366551236621147, 4.378534888046722, 6.634972606227926, 5.366551236621146, 3.0953726746428547, 0.0]
gap: [-12.993556631067975, -13.041430169236492, -12.558681150911667, -10.71047090359238, -13.071218765231436, -0.38978936273187514, -13.074424457957065, -12.558707113971423, -12.993573832277946, -13.015462359249284, -11.733516528503941, -12.993573832277946, -2.024525776524797, 0.0]
eig': [-7.627064506376795, -7.846933998363323, -6.467728538809004, -3.834699673574657, -8.045782927482389, 0.6330573451798143, -8.379852842316343, -6.467822569105167, -7.627022595656799, -8.636927471202561, -5.098543922276015, -7.6270225956568, 1.0708468981180577, 0.0]
eig: [-7.627064506376808, -7.8469339983633235, -6.467728538808997, -3.834699673574651, -8.045782927482392, 0.6330573451798149, -8.379852842316328, -6.467822569105165, -7.627022595656781, -8.636927471202538, -5.098543922275997, -7.627022595656808, 1.0708468981180488, 0.0]
VALIDATED

ekl: [6.567120372204319, 5.025435837749047, 5.711485218167019, 5.882765309530848, 1.9769844285624194, 3.7898337449878174, 6.81794956825589, 5.194496170873169, 3.931159040166027, 6.536422268200649, 6.441342517363342, 6.734710268341611]
gap: [-7.978545677462989, -13.071218765231436, -12.833528313180182, -12.721104352759426, -1.0882140603305288, -12.743675242415947, -11.094873118085872, -13.041430169236463, -12.827195695876924, -6.839283599455939, -6.171193648860168, -8.643379430604625]
eig': [-1.4114253052586703, -8.045782927482389, -7.122043095013162, -6.8383390432285776, 0.8887703682318906, -8.95384149742813, -4.276923549829982, -7.846933998363294, -8.896036655710898, -0.3028613312552899, 0.2701488685031741, -1.9086691622630143]
eig: [-1.4114253052587022, -8.04578292748239, -7.122043095013122, -6.838339043228589, 0.8887703682318695, -8.953841497428135, -4.276923549829961, -7.846933998363323, -8.896036655710917, -0.3028613312553272, 0.2701488685031893, -1.908669162263008]
VALIDATED

ekl: [5.539109801304856, 6.875771236919162, 5.366304938123003, 6.439954462285987, 6.73461321723896, 6.817912292829153, 6.382979137833834, 6.515863570508713, 6.090922360526064, 5.366501976666782]
gap: [-12.924593628164374, -10.710163872580111, -12.993502123255794, -6.171237737343759, -8.643583958102127, -11.095351503149217, -12.21185922025758, -11.991491085483759, -12.55869269208965, -12.993559498329105]
eig': [-7.3854838268595175, -3.834392635660949, -7.6271971851327915, 0.26871672494222754, -1.9089707408631673, -4.277439210320065, -5.828880082423746, -5.475627514975046, -6.467770331563586, -7.627057521662324]
eig: [-7.385483826859514, -3.8343926356609646, -7.627197185132779, 0.26871672494223975, -1.908970740863183, -4.27743921032007, -5.8288800824237414, -5.47562751497503, -6.467770331563569, -7.62705752166233]
VALIDATED

ekl: [6.090952612102664, 6.87577121501887, 6.892534482427863, 2.3348172208821974e-14, 0.3253115637280949, 6.515960647306468, 5.366403457140107, 6.734710268341606, 1.9769844285624194, 6.568237093347639, 5.881429405913007, 6.24153098098466, 6.900993425132987]
gap: [-12.558681150911625, -10.710716484247044, -9.788264980417708, -4.04298816647497e-10, -0.0003537195412945948, -11.99130766011423, -12.993530818647898, -8.643379430604611, -1.0882140603305572, -7.980082102885845, -12.719043323891881, -12.401632837945087, -10.27431939166216]
eig': [-6.46772853880896, -3.8349452692281742, -2.8957304979898444, -4.042754684752882e-10, 0.3249578441868003, -5.475347012807763, -7.627127361507791, -1.9086691622630054, 0.8887703682318622, -1.4118450095382062, -6.837613917978874, -6.160101856960427, -3.3733259665291735]
eig: [-6.467728538808983, -3.8349452692281742, -2.895730497989863, -4.0426358976567635e-10, 0.3249578441867982, -5.475347012807793, -7.627127361507776, -1.9086691622629979, 0.8887703682318657, -1.411845009538187, -6.837613917978882, -6.1601018569604085, -3.3733259665291726]
VALIDATED

ekl: [6.536422268200649, 6.5348465631551225, 6.515929994613199, 6.900969741733826, 6.875771236919162, 6.8757712324503535, 6.875771236919163, 6.004372963062306, 0.0, 1.1730444888381172e-14]
gap: [-6.839283599455982, -6.838852776057408, -11.991365594005899, -10.273838153038284, -10.710163872580111, -10.710409502295462, -10.710163872580111, -5.278057472641166, 0.0, -1.0574296993581811e-10]
eig': [-0.30286133125533254, -0.30400621290228536, -5.4754355993927, -3.3728684113044576, -3.834392635660949, -3.834638269845109, -3.834392635660948, 0.7263154904211406, 0.0, -1.0573123949092973e-10]
eig: [-0.30286133125531856, -0.3040062129022809, -5.475435599392737, -3.372868411304462, -3.8343926356609646, -3.83463826984511, -3.834392635660965, 0.7263154904211473, 0.0, -1.05733898141133e-10]
VALIDATED

ekl: [3.1306581635759114, 2.24768259535275, 6.7355711029005, 1.2038076778192361, 2.1509719469328044, 4.3787851797752095, 2.77581128952904, 6.7355711029005, 2.77581128952904, 2.77581128952904, 5.881568403123181]
gap: [-12.193134322868957, -11.029830279816679, -11.43386634784909, -8.767036094518716, -10.867823129922442, -13.015751388684976, -11.788656112094515, -11.43386634784909, -11.788656112094515, -11.788656112094515, -12.719013301646953]
eig': [-9.062476159293045, -8.78214768446393, -4.69829524494859, -7.563228416699479, -8.716851182989638, -8.636966208909765, -9.012844822565475, -4.69829524494859, -9.012844822565475, -9.012844822565475, -6.837444898523772]
eig: [-9.06247615929304, -8.78214768446393, -4.698295244948588, -7.563228416699527, -8.716851182989645, -8.63696620890974, -9.012844822565476, -4.698295244948588, -9.012844822565448, -9.012844822565476, -6.837444898523753]
VALIDATED

ekl: [3.2725966527982235, 6.2766819448590905, 4.916436800784711, 5.7625275109009655, 6.94829868626359, 3.8929047623277624, 3.520290409674444, 4.658192002343128, 8.626892803987058]
gap: [-5.092280423670246, -8.337104844621592, -7.5773429534807235, -8.273270477988746, -8.431317790944917, -6.2894412920302045, -5.608513027803355, -7.280596593889726, -6.248306789133039]
eig': [-1.8196837708720226, -2.060422899762502, -2.660906152696013, -2.51074296708778, -1.4830191046813264, -2.396536529702442, -2.0882226181289107, -2.622404591546598, 2.3785860148540188]
eig: [-1.8196837708720537, -2.0604228997625356, -2.6609061526960125, -2.510742967087812, -1.483019104681322, -2.3965365297024155, -2.0882226181289547, -2.622404591546625, 2.378586014854009]
VALIDATED

ekl: [4.231314739998693, 6.090952612102655, 2.2476110990852267, 4.8587626570347755, 5.02561111330355, 6.516021944003609, 3.3841413413911083, 4.378553428091949, 6.516021944003609]
gap: [-3.103884012206379, -12.558681150911639, -11.029641602490813, -13.081950190123422, -13.071323012676402, -11.991191764384752, -12.435299323376796, -13.015483771425181, -11.991191764384752]
eig': [1.127430727792314, -6.467728538808983, -8.782030503405586, -8.223187533088646, -8.04571189937285, -5.475169820381143, -9.051157981985687, -8.636930343333233, -5.475169820381143]
eig: [1.127430727792313, -6.4677285388089985, -8.782030503405588, -8.223187533088645, -8.045711899372847, -5.47516982038114, -9.051157981985678, -8.636930343333233, -5.47516982038114]
VALIDATED

ekl: [5.278867172935371, 5.278867172935371, 7.565859606936738, 4.404263245920233, 6.8050220046334, 7.969488814329445, 3.359866807624775, 2.977177197699492, 3.6761376846761595, 2.9876017438294578, 5.970622931962996, 6.8050220046334, 5.966078151976611]
gap: [-9.572327646139172, -9.572327646139172, -8.782585655540345, -9.085211427762403, -2.024998498988367, -8.789349300402137, -7.8363237614212835, -7.179846740331584, -8.290813040793665, 2.2679663789683673, -9.74135698186646, -2.024998498988367, -9.688874633221502]
eig': [-4.293460473203801, -4.293460473203801, -1.216726048603607, -4.68094818184217, 4.780023505645032, -0.8198604860726917, -4.476456953796509, -4.202669542632092, -4.614675356117505, 5.2555681227978255, -3.7707340499034636, 4.780023505645032, -3.722796481244891]
eig: [-4.2934604732038, -4.2934604732038, -1.216726048603633, -4.680948181842182, 4.780023505645008, -0.8198604860726897, -4.476456953796521, -4.202669542632124, -4.614675356117493, 5.255568122797794, -3.7707340499034654, 4.780023505645008, -3.722796481244909]
VALIDATED

ekl: [5.539452627634122, 6.241758063828891, 3.0091239181066705, 3.130443170701497, 3.255427260141814, 2.449586947265646, 2.5549515193714507, 5.882820906168076, 6.875771234356606, 6.332879063819044, 4.858743403967439]
gap: [-12.92463957999874, -12.401468516478133, -12.063503160768562, -12.192698346452659, -12.316823701204868, -11.343672458506717, -11.495221734056628, -12.72109235256653, -10.710348098545666, -7.255868787413704, -13.081935889483361]
eig': [-7.385186952364617, -6.159710452649241, -9.054379242661891, -9.062255175751162, -9.061396441063053, -8.894085511241071, -8.940270214685178, -6.838271446398453, -3.834576864189059, -0.9229897235946591, -8.223192485515924]
eig: [-7.385186952364589, -6.159710452649241, -9.054379242661895, -9.062255175751154, -9.061396441063025, -8.894085511241062, -8.940270214685174, -6.838271446398431, -3.834576864189083, -0.9229897235946503, -8.223192485515911]
VALIDATED

ekl: [5.194378312993146, 6.515960647306469, 6.732965106041072, 6.091043361758423, 3.7898779619189766, 3.0953726746428547, 6.53657230965892, 6.382967001194122, 6.817924725061188, 6.53507169401515, 5.882904299064469, 6.634948614436982, 6.839430054882005, 5.711427544613642]
gap: [-13.041377816329913, -11.991307660114273, -8.641583774078214, -12.558646507788978, -12.74374594569511, -2.0245257765248255, -6.839324587787786, -12.211873689420429, -11.095192065097336, -6.838914372100845, -12.721074340266313, -11.733589914960419, -9.244964055283475, -12.833530137868053]
eig': [-7.846999503336767, -5.475347012807805, -1.9086186680371418, -6.467603146030555, -8.953867983776133, 1.0708468981180292, -0.3027522781288656, -5.828906688226307, -4.277267340036149, -0.30384267808569554, -6.838170041201844, -5.098641300523437, -2.4055340004014703, -7.122102593254411]
eig: [-7.8469995033367885, -5.475347012807806, -1.9086186680371293, -6.467603146030548, -8.953867983776135, 1.0708468981180674, -0.30275227812887295, -5.828906688226288, -4.2772673400361665, -0.30384267808567134, -6.838170041201857, -5.0986413005234725, -2.405534000401472, -7.122102593254449]
VALIDATED

ekl: [7.01359177649519, 0.49756983249168346, 3.593071361362501, 5.635727782508018, 6.81063505140272, 7.415576529903145, 7.39006188735017, 4.4551807844337805, 7.125909022051206, 7.3369992203650725, 4.1608780529642555]
gap: [-10.021089527798281, 1.9701022362271203, -0.05447609759356453, -11.234241274955806, -4.76317841155354, -6.010386588250199, -7.8174266005845965, -10.83428554975616, -5.816797750340598, -7.274885877269114, -10.638492394085077]
eig': [-3.0074977513030916, 2.467672068718804, 3.5385952637689364, -5.598513492447789, 2.0474566398491802, 1.4051899416529459, -0.42736471323442693, -6.37910476532238, 1.3091112717106084, 0.06211334309595884, -6.477614341120821]
eig: [-3.0074977513030805, 2.4676720687188034, 3.5385952637689506, -5.598513492447812, 2.0474566398491643, 1.4051899416529448, -0.42736471323441627, -6.379104765322391, 1.309111271710616, 0.06211334309596683, -6.477614341120813]
VALIDATED

ekl: [1.0228467079116894, 6.515884010142833, 6.330965385987091, 6.382967001194122, 6.534171110348536, 6.737217843327182, 6.004444288996226, 6.839436092724093, 4.077468078161373, 4.231647646220031, 5.711369870532719]
gap: [-0.38978936273186093, -11.99145247737853, -7.255006669764114, -12.211873689420415, -6.83866788827045, -11.436133983094479, -5.277991059676552, -9.24474754692902, -12.903077400425886, -3.1045441675427554, -12.833531956448937]
eig': [0.6330573451798285, -5.475568467235697, -0.9240412837770231, -5.828906688226293, -0.3044967779219139, -4.698916139767297, 0.7264532293196746, -2.4053114542049263, -8.825609322264512, 1.1271034786772756, -7.122162085916218]
eig: [0.6330573451798293, -5.475568467235666, -0.9240412837770271, -5.828906688226276, -0.3044967779219063, -4.698916139767296, 0.7264532293196817, -2.405311454204933, -8.825609322264551, 1.1271034786772849, -7.12216208591624]
VALIDATED

ekl: [6.568237093347639, 6.892521731059692, 4.231647646220031, 6.875771227058554, 4.694400509636268, 1.9789810196054922, 6.875771209950892, 6.241675496017441, 6.817933009276578, 6.892542994311662, 0.0]
gap: [-7.980082102885831, -9.78804413920011, -3.1045441675427554, -10.71053230243615, -13.074272728367816, -1.0905372365432697, -10.710777873276669, -12.401528297692892, -11.095085759931493, -9.788412207036544, 0.0]
eig': [-1.411845009538192, -2.895522408140418, 1.1271034786772756, -3.834761075377596, -8.379872218731549, 0.8884437830622225, -3.8350066633257773, -6.15985280167545, -4.277152750654915, -2.8958692127248815, 0.0]
eig: [-1.4118450095382011, -2.895522408140391, 1.1271034786772705, -3.834761075377636, -8.379872218731537, 0.8884437830622183, -3.835006663325779, -6.159852801675454, -4.27715275065493, -2.895869212724892, 0.0]
VALIDATED

ekl: [4.077513343826361, 6.737201382524594, 1.9785972718177753, 4.535730866818366, 6.81794956825589, 6.090884544866255, 6.737176685036412, 1.0240582951346004, 6.634888620987129, 5.711514054745868, 1.0226447214309473, 6.837603604563224, 5.025513737596407, 0.0]
gap: [-12.90314040959018, -11.436223608563779, -1.0900906187247728, -13.053973607330533, -11.094873118085843, -12.558707113971451, -11.436358027274537, -0.3910501403703961, -11.733773337659898, -12.833527398546067, -0.38957918475600195, -9.242896046409086, -13.071265103152086, 0.0]
eig': [-8.825627065763818, -4.699022226039185, 0.8885066530930026, -8.518242740512168, -4.276923549829953, -6.467822569105196, -4.699181342238124, 0.6330081547642044, -5.098884716672768, -7.1220133438002, 0.6330655366749454, -2.4052924418458623, -8.04575136555568, 0.0]
eig: [-8.82562706576379, -4.6990222260392205, 0.8885066530930186, -8.518242740512173, -4.276923549829961, -6.4678225691051905, -4.699181342238109, 0.633008154764213, -5.098884716672762, -7.122013343800215, 0.63306553667494, -2.405292441845852, -8.045751365555699, 0.0]
VALIDATED

ekl: [1.4064519275918326, 6.7355711029005, 3.0092134700048963, 2.4496986333052173, 2.77581128952904, 4.3787851797752095, 4.858887802857936, 2.77581128952904, 1.8789179703397563, 2.77581128952904, 0.8072170389891767, 4.3787851797752095, 2.4496986333052178]
gap: [-9.314034767413915, -11.43386634784909, -12.063691678794555, -11.343949857641064, -11.788656112094515, -13.015751388684976, -13.082043131188442, -11.788656112094515, -10.368874782727772, -11.788656112094515, -7.45101787195, -13.015751388684976, -11.343949857641064]
eig': [-7.907582839822083, -4.69829524494859, -9.054478208789659, -8.894251224335846, -9.012844822565475, -8.636966208909765, -8.223155328330506, -9.012844822565475, -8.489956812388016, -9.012844822565475, -6.643800832960824, -8.636966208909765, -8.894251224335846]
eig: [-7.907582839822088, -4.698295244948588, -9.054478208789632, -8.894251224335854, -9.012844822565476, -8.63696620890974, -8.223155328330547, -9.012844822565448, -8.489956812388021, -9.012844822565448, -6.643800832960859, -8.63696620890974, -8.894251224335854]
VALIDATED

ekl: [0.020206567130491734, 1.0546708816020367, 0.020206567130490453, 0.026107053292818184, 0.8375113430613252, 0.13506245118619883, 6.474233197357924, 0.16403690076725314, 3.1193742620446905, 0.8155982102289124, 2.7389417700234415, 0.07172945474725632, 0.014178954982992776]
gap: [0.03891573159799577, -3.677627864130443, 0.038915731598024195, 0.11868101461939773, -1.7614446392011587, -0.20989692720621633, -5.260796194454656, 0.043441323013468036, -5.073519463863903, -1.9047585704734047, -4.757061371173194, 0.06538152655627982, 0.6931980397208974]
eig': [0.05912229872848751, -2.6229569825284065, 0.05912229872851465, 0.1447880679122159, -0.9239332961398334, -0.0748344760200175, 1.2134370029032677, 0.20747822378072117, -1.9541452018192125, -1.0891603602444921, -2.018119601149752, 0.13711098130353616, 0.7073769947038903]
eig: [0.0591222987284781, -2.622956982528369, 0.05912229872847809, 0.14478806791219342, -0.9239332961398837, -0.07483447602004949, 1.2134370029032424, 0.20747822378068212, -1.9541452018192154, -1.0891603602445081, -2.018119601149755, 0.13711098130356267, 0.7073769947039109]
VALIDATED

ekl: [0.054571560185059875, 2.8172127762114885, 0.16811640750413023, 1.4150383778177673, 0.9320458161964775, 0.07142904817130707, 5.497268825531501, 0.270539041821601, 1.6413403355182559, 3.0020898339946855, 0.19819831312569702, 0.05141874959700518, 0.08709045897993273]
gap: [1.4153580039680094, -4.002393478090511, 0.47306936800487165, -2.224156518486353, -0.3028126029005307, 0.583038285362619, -5.251134160120074, 0.9113995903626062, -1.9599959960752074, -4.274340033833113, 0.8205977367415755, 1.2951294398712037, 0.3974092678911063]
eig': [1.4699295641530692, -1.1851807018790224, 0.6411857755090019, -0.8091181406685859, 0.6292332132959468, 0.6544673335339262, 0.24613466541142692, 1.1819386321842071, -0.3186556605569515, -1.2722501998384272, 1.0187960498672726, 1.3465481894682088, 0.48449972687103904]
eig: [1.469929564153049, -1.1851807018790028, 0.6411857755090141, -0.8091181406686065, 0.6292332132959533, 0.6544673335339228, 0.24613466541143603, 1.1819386321842387, -0.31865566055694994, -1.2722501998384343, 1.018796049867243, 1.3465481894681905, 0.48449972687103576]
VALIDATED

ekl: [8.37696151588547, 7.361225840879052, 8.251422185079322, 7.372685827471263, 8.317576323513205, 5.328200018770376, 8.156163354246583, 4.586103613569561, 2.3068923439963873, 6.222374952763052]
gap: [-7.274681932520025, -6.830502504054863, -0.6694745079564655, -6.91591558759643, -6.190647344700608, -6.424369228717836, -6.301528902142479, -5.568654314545768, 2.2341092821539803, 2.8250448111442097]
eig': [1.102279583365446, 0.530723336824189, 7.581947677122857, 0.45677023987483256, 2.1269289788125967, -1.09616920994746, 1.8546344521041043, -0.9825507009762067, 4.541001626150368, 9.04741976390726]
eig: [1.102279583365475, 0.530723336824132, 7.5819476771228285, 0.45677023987481347, 2.12692897881257, -1.0961692099474782, 1.8546344521040832, -0.9825507009761855, 4.541001626150379, 9.04741976390725]
VALIDATED

ekl: [1.9777910727927575, 2.5549363382347803, 5.366551236621146, 2.7757640528032184, 3.7898337449878174, 3.130583742810566, 1.9777910727927575, 5.366669461030862, 1.9777910727927575, 2.6636853278425714, 6.737217843327182]
gap: [-1.0891524936959343, -11.495185181580155, -12.993573832277946, -11.788549509249805, -12.743675242415918, -12.19298341070575, -1.0891524936959343, -12.993608217728791, -1.0891524936959343, -11.64369559917182, -11.436133983094464]
eig': [0.8886385790968232, -8.940248843345374, -7.6270225956568, -9.012785456446586, -8.953841497428101, -9.062399667895184, 0.8886385790968232, -7.626938756697929, 0.8886385790968232, -8.980010271329249, -4.698916139767283]
eig: [0.8886385790968192, -8.940248843345392, -7.627022595656806, -9.012785456446561, -8.953841497428106, -9.062399667895182, 0.8886385790968192, -7.626938756697949, 0.8886385790968192, -8.980010271329274, -4.698916139767283]
VALIDATED

ekl: [3.0091483413203846, 4.226756836562571, 6.090808909583092, 4.858849296287291, 3.651205003524458, 3.2554944000333967, 6.81794956825589, 6.5159606473064695, 6.875771236919162, 3.384115806728062, 6.241675496017441]
gap: [-12.063554575159799, -12.966389591920006, -12.558735942433344, -13.082014536355246, -12.649261814319857, -12.316954540649476, -11.094873118085843, -11.991307660114217, -10.710163872580125, -12.435251649774642, -12.401528297692863]
eig': [-9.054406233839414, -8.739632755357434, -6.467927032850252, -8.223165240067955, -8.998056810795399, -9.061460140616079, -4.276923549829953, -5.475347012807747, -3.8343926356609632, -9.05113584304658, -6.159852801675422]
eig: [-9.054406233839401, -8.73963275535744, -6.46792703285022, -8.223165240067994, -8.9980568107954, -9.061460140616086, -4.276923549829963, -5.475347012807779, -3.8343926356609503, -9.051135843046591, -6.159852801675415]
VALIDATED

ekl: [3.384022179702479, 6.382967001194122, 6.241758063828892, 6.900986657238751, 6.817961979223254, 1.7922314291225375e-14, 3.9312932623054886, 5.882904299064469, 6.38291238280042, 3.789984082563355, 5.881485005621332, 5.1944372417710865]
gap: [-12.435076843054503, -12.211873689420429, -12.401468516478161, -10.274181904019542, -11.094713609128263, -2.0685320123448037e-10, -12.827396898155058, -12.721074340266341, -12.211938788758573, -12.743915626864009, -12.719031319798262, -13.041403995494363]
eig': [-9.051054663352025, -5.828906688226307, -6.159710452649269, -3.3731952467807913, -4.276751629905009, -2.0683527892018914e-10, -8.89610363584957, -6.838170041201872, -5.829026405958153, -8.953931544300655, -6.8375463141769295, -7.846966753723277]
eig: [-9.051054663352014, -5.828906688226315, -6.15971045264924, -3.373195246780776, -4.276751629904987, -2.0682570927302934e-10, -8.896103635849597, -6.838170041201857, -5.829026405958159, -8.953931544300657, -6.8375463141769375, -7.846966753723263]
VALIDATED

ekl: [5.610800884391411, 7.667686875964663, 7.584174091762611, 7.344920545100285, 7.364526231282601, 8.322418367275308, 7.827941462975293, 5.123918241515434, 7.885779686149067, 7.014540628848538, 1.010008453698875]
gap: [-9.701592645954491, -8.45788383137571, -8.852158421363043, -3.900783869135381, -9.538684923960062, -7.429650560828804, -7.738498374327179, -9.575437080520288, -7.353822116691163, -1.921559192634561, 3.3565873849825465]
eig': [-4.09079176156308, -0.7901969554110471, -1.2679843296004325, 3.444136675964904, -2.1741586926774614, 0.8927678064465034, 0.0894430886481139, -4.451518839004854, 0.5319575694579042, 5.092981436213977, 4.366595838681421]
eig: [-4.090791761563082, -0.7901969554110266, -1.2679843296004039, 3.4441366759649226, -2.1741586926775174, 0.8927678064464757, 0.08944308864811235, -4.4515188390048355, 0.5319575694579097, 5.092981436213974, 4.366595838681422]
VALIDATED

ekl: [6.634972606227925, 4.226582802156238, 1.0228467079116894, 3.9312127290141445, 6.004372963062307, 6.090982862833606, 5.194289920433872, 6.875771229089896, 6.900986657238753, 6.44057154538784, 6.8757712324503535, 4.694438532989839]
gap: [-11.733516528503927, -12.96616729020839, -0.38978936273187514, -12.827276178787955, -5.27805747264118, -12.55866960646891, -13.041338537416735, -10.710491370146215, -10.274181904019528, -6.1712183306580215, -10.71040950229549, -13.074306449540373]
eig': [-5.098543922276002, -8.739584488052152, 0.6330573451798143, -8.89606344977381, 0.7263154904211273, -6.467686743635305, -7.847048616982863, -3.8347201410563194, -3.3731952467807753, 0.26935321472981855, -3.8346382698451373, -8.379867916550534]
eig: [-5.098543922276007, -8.739584488052136, 0.6330573451798177, -8.89606344977381, 0.7263154904211404, -6.467686743635318, -7.847048616982838, -3.834720141056352, -3.373195246780785, 0.26935321472983254, -3.8346382698451213, -8.37986791655056]
VALIDATED

ekl: [6.875771227058554, 6.515960647306468, 6.090952612102663, 0.3253115637280949, 1.5045468788902473e-14, 6.817933009276578, 6.090952612102663, 6.003730085473464]
gap: [-10.710532302436206, -11.991307660114245, -12.558681150911639, -0.0003537195413088057, -1.8386003830528352e-10, -11.095085759931521, -12.558681150911639, -5.278654354050531]
eig': [-3.834761075377653, -5.475347012807777, -6.467728538808975, 0.3249578441867861, -1.838449928364946e-10, -4.277152750654944, -6.467728538808975, 0.7250757314229332]
eig: [-3.834761075377636, -5.4753470128078074, -6.4677285388089985, 0.3249578441867982, -1.838371578625166e-10, -4.27715275065493, -6.4677285388089985, 0.7250757314229305]
VALIDATED

