eig: [-6.837444898523753, -6.643800832960859, -7.907582839822088, -6.837444898523753, -9.012844822565476, -9.030737021011209, -7.907582839822088, -8.22315532833052, -7.187746090453649, -1.9080424652529129, -8.894251224335854, -8.63696620890974, -9.012844822565448, -6.921502794604289]
eig-a: [-6.837444898523772, -6.643800832960824, -7.907582839822083, -6.837444898523772, -9.012844822565475, -9.030737021011278, -7.907582839822083, -8.223155328330535, -7.187746090453615, -1.9080424652529056, -8.894251224335846, -8.636966208909765, -9.012844822565475, -6.921502794604235]
eig-b: [-6.837444898523772, -6.643800832960824, -7.907582839822083, -6.837444898523772, -9.012844822565446, -9.030737021011221, -7.907582839822083, -8.223155328330506, -7.187746090453643, -1.9080424652529056, -8.894251224335846, -8.636966208909737, -9.012844822565446, -6.921502794604235]

eig: [-7.846852084821431, -1.9080424652529129, -9.030696551480146, -8.518246148572008, -8.312236242020298, -8.31220944138818, -9.030696551480117, -9.06237417007898, -7.681743994348598, -8.739647990541135, -8.894218082146736]
eig-a: [-7.846852084821464, -1.9080424652529056, -9.030696551480107, -8.518246148572027, -8.312236242020283, -8.312209441388177, -9.030696551480107, -9.062374170078986, -7.681743994348622, -8.739647990541133, -8.894218082146756]
eig-b: [-7.846852084821435, -1.9080424652529056, -9.030696551480135, -8.518246148572027, -8.312236242020312, -8.312209441388177, -9.030696551480135, -9.062374170078957, -7.681743994348622, -8.739647990541133, -8.894218082146727]

eig: [1.0183164313275705, -8.51824863075505, -8.312155839925222, -6.159579945773284, -0.9226891846330956, 0.0, -0.9226891846330956, -7.626917793308403, -1.9080424652528842, -8.825694471889381, -8.218448490347656]
eig-a: [1.0183164313275412, -8.518248630755046, -8.312155839925225, -6.1595799457733, -0.9226891846331036, 0.0, -0.9226891846331036, -7.6269177933084125, -1.908042465252934, -8.825694471889383, -8.21844849034761]
eig-b: [1.0183164313275412, -8.518248630755046, -8.312155839925197, -6.1595799457733, -0.9226891846331036, 0.0, -0.9226891846331036, -7.626917793308384, -1.9080424652528771, -8.825694471889411, -8.218448490347638]

eig: [-8.82569447188941, -9.01279535087302, -8.489802192433794, -7.121864566813512, -7.846868470403284, -7.627022595656779, -9.012696405289063, -8.57041492751809, 1.0183164313275421, -9.062399667895182, -5.828747043253364, 0.27046714290248364]
eig-a: [-8.82569447188944, -9.012795350873018, -8.489802192433787, -7.121864566813504, -7.846868470403312, -7.62702259565677, -9.012696405289052, -8.570414927518106, 1.0183164313275128, -9.06239966789524, -5.828747043253365, 0.2704671429024854]
eig-b: [-8.825694471889411, -9.012795350873018, -8.489802192433787, -7.121864566813504, -7.846868470403283, -7.627022595656799, -9.01269640528908, -8.570414927518078, 1.0183164313275412, -9.062399667895212, -5.828747043253365, 0.2704671429024854]

eig: [-8.896130423220704, -8.312102238196923, -8.223192485515884, -9.061579570046932, -8.014354622983534, -8.896130423220704, -8.223192485515883, -7.121894325000358, -8.646117241910098]
eig-a: [-8.89613042322075, -8.312102238196887, -8.223192485515922, -9.061579570046934, -8.014354622983578, -8.89613042322075, -8.223192485515924, -7.121894325000365, -8.646117241910106]
eig-b: [-8.896130423220722, -8.312102238196887, -8.223192485515865, -9.061579570046963, -8.014354622983578, -8.896130423220722, -8.223192485515867, -7.121894325000393, -8.646117241910135]

eig: [0.6811179286679405, 0.3791640308160341, 0.7871258327690975, -0.5601619583763626, 1.526887960269657, 0.9004743118401708, 1.3213819105480744, 1.3576581577611537, 1.9933207571535625, 3.0676889524103865, 1.7253952034814608]
eig-a: [0.6811179286679871, 0.3791640308160209, 0.7871258327691657, -0.5601619583763129, 1.5268879602696814, 0.9004743118402222, 1.3213819105481082, 1.357658157761158, 1.9933207571535583, 3.0676889524104256, 1.7253952034814604]
eig-b: [0.6811179286679587, 0.3791640308160493, 0.7871258327691089, -0.5601619583763697, 1.526887960269653, 0.9004743118401654, 1.3213819105480513, 1.357658157761158, 1.9933207571535583, 3.067688952410397, 1.725395203481432]

eig: [16.621625826108094, 16.65466800482384, 9.11302115562705, 11.99370708902635, 19.18371972958241, 14.056376421513548, 9.589427362687678, 13.25195979922746, 9.034182477572669, 11.590003676462006]
eig-a: [16.621625826108094, 16.654668004823833, 9.113021155627072, 11.993707089026348, 19.183719729582442, 14.05637642151355, 9.58942736268766, 13.25195979922746, 9.034182477572688, 11.590003676462029]
eig-b: [16.621625826108094, 16.654668004823804, 9.113021155627072, 11.993707089026348, 19.183719729582414, 14.05637642151355, 9.589427362687688, 13.25195979922746, 9.034182477572688, 11.590003676462]

eig: [-0.9240412837770178, 1.127056718926705, -6.838237645993045, -1.4114409765219813, -2.8955224081403994, 0.8887703682318798, 1.1271969907709807, -4.6990222260392205, -5.475214120894971, -0.922889548542398, 1.018526854102168, -0.9240412837770178]
eig-a: [-0.9240412837770124, 1.127056718926716, -6.838237645993066, -1.411440976521992, -2.8955224081403754, 0.8887703682318764, 1.1271969907709973, -4.699022226039199, -5.475214120894968, -0.922889548542388, 1.0185268541021646, -0.9240412837770124]
eig-b: [-0.9240412837770267, 1.1270567189267018, -6.838237645993037, -1.411440976521992, -2.895522408140404, 0.8887703682318764, 1.1271969907709831, -4.699022226039199, -5.4752141208949965, -0.922889548542388, 1.0185268541021646, -0.9240412837770267]

eig: [0.26935321472983054, -6.159923967537116, -2.895776737286437, -3.3733913233089745, -8.89606344977381, -8.998093140601599, -6.159852801675456, -5.475347012807783, -6.159852801675456, -6.838327777458813, -2.4056081760786823, -1.9086691622629979]
eig-a: [0.26935321472983276, -6.159923967537125, -2.895776737286427, -3.373391323308984, -8.896063449773811, -8.998093140601567, -6.159852801675435, -5.475347012807791, -6.159852801675464, -6.838327777458807, -2.4056081760786903, -1.9086691622629992]
eig-b: [0.26935321472983276, -6.159923967537125, -2.895776737286427, -3.373391323308984, -8.896063449773782, -8.998093140601595, -6.159852801675435, -5.475347012807791, -6.159852801675464, -6.838327777458836, -2.4056081760786903, -1.9086691622629992]

eig: [1.1268462694954449, 0.0, 1.018526854102168, -3.373522030680287, 1.126846269495439, -0.922889548542398, -5.82890668822629, -4.698916139767297, -2.8954530401239627, -4.276923549829938, -6.46797925905403, 0.26935321472983054, -2.8953374215032133]
eig-a: [1.1268462694954584, 0.0, 1.0185268541021788, -3.3735220306802773, 1.1268462694954584, -0.9228895485423738, -5.828906688226292, -4.6989161397672685, -2.895453040123937, -4.276923549829939, -6.4679792590540215, 0.26935321472983276, -2.895337421503198]
eig-b: [1.1268462694954442, 0.0, 1.0185268541021646, -3.3735220306802773, 1.1268462694954442, -0.922889548542388, -5.828906688226292, -4.698916139767297, -2.8954530401239653, -4.276923549829939, -6.4679792590540215, 0.26935321472983276, -2.895337421503198]

eig: [-8.636966208909767, -9.012844822565476, -8.489956812388021, -9.012844822565448, -7.907582839822088, -8.636966208909767, -4.698295244948588]
eig-a: [-8.636966208909765, -9.012844822565475, -8.489956812388016, -9.012844822565475, -7.907582839822083, -8.636966208909765, -4.69829524494859]
eig-b: [-8.636966208909737, -9.012844822565446, -8.489956812387987, -9.012844822565446, -7.907582839822083, -8.636966208909737, -4.698295244948619]

eig: [-4.459754324645007, -8.842516199874176, -7.86052278208668, -8.456049825501395, -4.683866875979202, -6.64546076981039, -4.653568373530047, -8.960669259009578, -4.902619994135095, -8.387300786741347, -8.32748937920767]
eig-a: [-4.459754324644983, -8.84251619987415, -7.860522782086676, -8.4560498255014, -4.683866875979211, -6.64546076981042, -4.653568373530079, -8.960669259009581, -4.902619994135118, -8.387300786741353, -8.327489379207668]
eig-b: [-4.4597543246450115, -8.84251619987418, -7.860522782086704, -8.4560498255014, -4.683866875979211, -6.64546076981042, -4.653568373530079, -8.96066925900961, -4.902619994135089, -8.387300786741353, -8.32748937920764]

eig: [1.054230412825508, 0.8038120011433825, 0.9648141971943589, 1.7167303901195952, 2.295670884209649, 2.659529043613281, -0.5882517283857136, 2.0920644956292773, 1.3881498525048228, 1.7799819651642408, 2.7107073965594277, 2.1135470099050364]
eig-a: [1.0542304128255422, 0.8038120011433901, 0.9648141971943477, 1.7167303901196065, 2.295670884209631, 2.6595290436132712, -0.5882517283857167, 2.0920644956292858, 1.388149852504824, 1.7799819651641937, 2.7107073965594606, 2.1135470099050804]
eig-b: [1.0542304128254854, 0.8038120011433901, 0.9648141971943477, 1.7167303901196065, 2.295670884209631, 2.6595290436132712, -0.5882517283856883, 2.0920644956292858, 1.388149852504824, 1.7799819651642221, 2.710707396559432, 2.113547009905052]

eig: [9.205172506503649, 10.483946550093876, 9.088069860006573, 12.789162818039681, 12.325353573727698, 8.632677663347426, 9.180216719322608, 11.20193246425322]
eig-a: [9.20517250650362, 10.483946550093862, 9.088069860006557, 12.789162818039703, 12.325353573727696, 8.632677663347364, 9.180216719322612, 11.201932464253222]
eig-b: [9.205172506503649, 10.483946550093862, 9.088069860006557, 12.789162818039703, 12.325353573727696, 8.63267766334742, 9.180216719322612, 11.20193246425325]

eig: [7.481803504318144, 2.1038269848773163, 2.4979027904879043, -0.3941603786571054, 6.732707505405933, 2.7027378470892596, 0.2946396946379055, 5.161547301921646, 1.7411011171281576, 5.54096980160949, 1.6619482153971536, 2.8631268556515996]
eig-a: [7.481803504318131, 2.1038269848772932, 2.497902790487923, -0.39416037865708176, 6.732707505405927, 2.702737847089293, 0.29463969463792505, 5.1615473019216624, 1.7411011171281348, 5.540969801609508, 1.6619482153971712, 2.863126855651616]
eig-b: [7.481803504318131, 2.1038269848772932, 2.4979027904878945, -0.3941603786571102, 6.732707505405927, 2.7027378470892645, 0.29463969463789663, 5.161547301921634, 1.7411011171281632, 5.54096980160948, 1.6619482153971143, 2.863126855651616]

eig: [3.0407804001836354, 3.0413055238206756, 5.809931901235419, 2.377205906744734, 5.511767388715216, 10.72826024621188, 1.9229639416845425, 7.365680856808451, 4.3654342993475765, 6.812644934807031, 3.3046992654836336, 0.11127741032532068]
eig-a: [3.0407804001836283, 3.0413055238206628, 5.809931901235439, 2.377205906744729, 5.5117673887152145, 10.728260246211878, 1.9229639416845536, 7.365680856808465, 4.365434299347552, 6.812644934807054, 3.304699265483623, 0.11127741032531269]
eig-b: [3.0407804001836567, 3.041305523820691, 5.8099319012354105, 2.3772059067447575, 5.5117673887152, 10.728260246211864, 1.9229639416845536, 7.365680856808437, 4.365434299347552, 6.812644934807025, 3.304699265483623, 0.11127741032531269]

eig: [0.726820521193442, 0.6330573451798149, -0.9238910919633398, 0.6330573451798149, -6.467707641524534, -0.924041283777032, -1.4114253052587022, -8.379863612261612, -4.277381922063753, -5.475568467235682, -8.896063449773822, 0.7268205211934419]
eig-a: [0.7268205211934378, 0.6330573451798143, -0.9238910919633394, 0.6330573451798143, -6.46770764152455, -0.9240412837770249, -1.4114253052586987, -8.379863612261598, -4.277381922063766, -5.475568467235703, -8.896063449773825, 0.7268205211934387]
eig-b: [0.7268205211934378, 0.6330573451798143, -0.9238910919633394, 0.6330573451798143, -6.467707641524521, -0.9240412837770249, -1.4114253052586987, -8.379863612261598, -4.2773819220637375, -5.475568467235674, -8.896063449773797, 0.7268205211934387]

eig: [-7.122261227953445, -5.0983491455715875, -3.8345563952089243, -1.4114409765220053, -8.379875443984, -5.829026405958164, 0.8887703682318657, 0.8886574144943449, -6.467885249166276]
eig-a: [-7.122261227953433, -5.098349145571599, -3.8345563952089377, -1.4114409765220062, -8.379875443984037, -5.829026405958154, 0.8887703682318622, 0.8886574144943418, -6.467885249166238]
eig-b: [-7.122261227953461, -5.098349145571571, -3.8345563952089377, -1.4114409765220062, -8.379875443984009, -5.829026405958154, 0.8887703682318622, 0.8886574144943418, -6.467885249166266]

eig: [6.264717173377366, 7.25501102372751, 5.843054283549556, 7.373180645945482, 5.843054283549556, 5.565706537399555, 6.704900080691991, 5.15823794331638, 3.9662398436092734, 8.93970264026924, 6.430547844175224, 5.197158596642621]
eig-a: [6.26471717337737, 7.2550110237275085, 5.843054283549565, 7.37318064594546, 5.843054283549565, 5.565706537399542, 6.704900080691996, 5.158237943316374, 3.966239843609281, 8.939702640269232, 6.430547844175222, 5.19715859664264]
eig-b: [6.264717173377356, 7.2550110237275085, 5.843054283549565, 7.37318064594546, 5.843054283549565, 5.5657065373995565, 6.704900080691981, 5.158237943316388, 3.966239843609295, 8.939702640269232, 6.430547844175222, 5.19715859664264]

eig: [1.7831875842228997, -1.440155438751848, 3.2693118198431534, -0.8210971554005424, 3.36412364908745, 3.9942948329420727, 4.356938503150593, 3.9009494236494238, -1.1342205122486058, 1.9118547391762142, 1.7413561916507347, 3.2693118194701882, 3.83521815294538, -1.1033255948578953]
eig-a: [1.7831875842228992, -1.4401554387518498, 3.269311819843155, -0.8210971554005351, 3.3641236490874604, 3.994294832942056, 4.3569385031505785, 3.9009494236494255, -1.134220512248616, 1.9118547391762037, 1.7413561916507279, 3.2693118194701887, 3.835218152945359, -1.103325594857882]
eig-b: [1.7831875842228992, -1.4401554387518498, 3.269311819843155, -0.8210971554005351, 3.3641236490874604, 3.994294832942084, 4.356938503150593, 3.9009494236494255, -1.134220512248616, 1.9118547391762037, 1.741356191650742, 3.2693118194701887, 3.8352181529453873, -1.103325594857882]

eig: [-4.698295244948588, -9.012844822565476, -8.739670836904846, -7.907582839822088, -1.9080424652529129, -7.907582839822088, -7.907582839822088, -7.907582839822088, -9.012844822565448, -1.9080424652529129, -1.9080424652529129]
eig-a: [-4.69829524494859, -9.012844822565475, -8.739670836904832, -7.907582839822083, -1.9080424652529056, -7.907582839822083, -7.907582839822083, -7.907582839822083, -9.012844822565475, -1.9080424652529056, -1.9080424652529056]
eig-b: [-4.698295244948619, -9.012844822565446, -8.73967083690486, -7.907582839822083, -1.9080424652529056, -7.907582839822083, -7.907582839822083, -7.907582839822111, -9.012844822565446, -1.9080424652529056, -1.9080424652529056]

eig: [2.4380640363369435, 0.5710055596237582, -1.3423625506294568, 0.4592001752632957, 0.060697582216191925, 1.013598962420742, -1.12593133694146, 0.9849606488505337, 0.8890096349565982, 0.03572498669837229, 0.8971069208540737, 0.5470210220912146, 0.6326986942551809, -0.1858203580037694]
eig-a: [2.438064036336927, 0.5710055596237593, -1.3423625506295176, 0.4592001752632986, 0.06069758221616589, 1.0135989624207675, -1.1259313369414592, 0.9849606488505369, 0.8890096349565686, 0.03572498669834728, 0.8971069208540926, 0.5470210220912167, 0.6326986942552075, -0.18582035800374375]
eig-b: [2.438064036336927, 0.5710055596237309, -1.3423625506294892, 0.4592001752632986, 0.06069758221616589, 1.013598962420739, -1.1259313369414592, 0.9849606488505369, 0.889009634956597, 0.03572498669834728, 0.8971069208540642, 0.5470210220912167, 0.6326986942551791, -0.18582035800377217]

eig: [2.997742964977745, 5.120061533026349, 3.203831288466628, 5.288772135619128, 3.4542763952686495, 6.585105778272199, 6.469660691457957, 3.7849195869029213, 12.75190466686329, 3.5179870637993362, 6.258227031142839]
eig-a: [2.997742964977716, 5.120061533026316, 3.203831288466633, 5.2887721356191575, 3.4542763952686464, 6.585105778272229, 6.469660691457937, 3.7849195869029106, 12.751904666863297, 3.517987063799353, 6.258227031142871]
eig-b: [2.9977429649777445, 5.120061533026316, 3.203831288466633, 5.2887721356191575, 3.454276395268618, 6.585105778272229, 6.469660691457966, 3.7849195869029106, 12.751904666863268, 3.517987063799353, 6.258227031142871]

eig: [-7.627022595656781, -7.122013343800216, 0.72700416065857, -6.159710452649241, -6.159710452649241, -9.012656826234627, -8.781936757021253, -8.223192485515938, -8.896063449773822, -6.4675717944338915, 0.27067932991941934, -9.062272175396481, -7.121894325000415, 0.27067932991941934]
eig-a: [-7.627022595656827, -7.122013343800203, 0.7270041606585922, -6.15971045264924, -6.15971045264924, -9.012656826234599, -8.781936757021231, -8.223192485515922, -8.896063449773825, -6.467571794433885, 0.2706793299194237, -9.062272175396474, -7.121894325000421, 0.2706793299194237]
eig-b: [-7.627022595656799, -7.122013343800203, 0.7270041606585922, -6.15971045264924, -6.15971045264924, -9.012656826234656, -8.781936757021288, -8.223192485515922, -8.896063449773797, -6.467571794433885, 0.27067932991939525, -9.062272175396503, -7.121894325000393, 0.27067932991939525]

eig: [-5.390143237717084, -1.993423825971137, 0.5686996239180722, 1.4348621382099878, 4.686223655055342, -2.2525795135169404, 4.589315628948017, -1.8653796227017199, -3.4999225257635103, -1.7143464994754356, -3.91547133767299, -1.417527322060208, -4.564425663489155, -4.433545479635241]
eig-a: [-5.3901432377170675, -1.9934238259711687, 0.5686996239180919, 1.4348621382099909, 4.686223655055375, -2.2525795135169595, 4.5893156289480155, -1.865379622701706, -3.499922525763507, -1.7143464994754583, -3.9154713376730097, -1.4175273220601756, -4.564425663489144, -4.433545479635221]
eig-b: [-5.390143237717096, -1.9934238259711687, 0.5686996239180635, 1.4348621382100193, 4.686223655055347, -2.252579513516988, 4.589315628948044, -1.865379622701706, -3.499922525763507, -1.7143464994754583, -3.9154713376730097, -1.4175273220601756, -4.564425663489172, -4.433545479635249]

eig: [-7.627064506376808, -7.8469339983633235, -6.467728538808997, -3.834699673574651, -8.045782927482392, 0.6330573451798149, -8.379852842316328, -6.467822569105165, -7.627022595656781, -8.636927471202538, -5.098543922275997, -7.627022595656808, 1.0708468981180488, 0.0]
eig-a: [-7.627064506376795, -7.846933998363323, -6.467728538809004, -3.834699673574657, -8.045782927482389, 0.6330573451798143, -8.379852842316343, -6.467822569105167, -7.627022595656799, -8.636927471202561, -5.098543922276015, -7.6270225956568, 1.0708468981180577, 0.0]
eig-b: [-7.627064506376795, -7.846933998363323, -6.467728538808975, -3.8346996735746286, -8.045782927482389, 0.6330573451798143, -8.379852842316314, -6.467822569105196, -7.627022595656799, -8.636927471202533, -5.0985439222759865, -7.627022595656828, 1.0708468981180577, 0.0]

eig: [-1.4114253052587022, -8.04578292748239, -7.122043095013122, -6.838339043228589, 0.8887703682318695, -8.953841497428135, -4.276923549829961, -7.846933998363323, -8.896036655710917, -0.3028613312553272, 0.2701488685031893, -1.908669162263008]
eig-a: [-1.4114253052586703, -8.045782927482389, -7.122043095013162, -6.8383390432285776, 0.8887703682318906, -8.95384149742813, -4.276923549829982, -7.846933998363294, -8.896036655710898, -0.3028613312552899, 0.2701488685031741, -1.9086691622630143]
eig-b: [-1.4114253052586987, -8.045782927482389, -7.1220430950131055, -6.838339043228606, 0.8887703682318622, -8.95384149742813, -4.276923549829953, -7.846933998363323, -8.896036655710898, -0.30286133125534676, 0.2701488685031741, -1.9086691622629859]

eig: [-7.385483826859514, -3.8343926356609646, -7.627197185132779, 0.26871672494223975, -1.908970740863183, -4.27743921032007, -5.8288800824237414, -5.47562751497503, -6.467770331563569, -7.62705752166233]
eig-a: [-7.3854838268595175, -3.834392635660949, -7.6271971851327915, 0.26871672494222754, -1.9089707408631673, -4.277439210320065, -5.828880082423746, -5.475627514975046, -6.467770331563586, -7.627057521662324]
eig-b: [-7.3854838268595175, -3.8343926356609774, -7.6271971851327915, 0.26871672494222754, -1.9089707408631957, -4.277439210320036, -5.828880082423746, -5.475627514975046, -6.467770331563558, -7.627057521662324]

eig: [-6.467728538808983, -3.8349452692281742, -2.895730497989863, -4.0426358976567635e-10, 0.3249578441867982, -5.475347012807793, -7.627127361507776, -1.9086691622629979, 0.8887703682318657, -1.411845009538187, -6.837613917978882, -6.1601018569604085, -3.3733259665291726]
eig-a: [-6.46772853880896, -3.8349452692281742, -2.8957304979898444, -4.042754684752882e-10, 0.3249578441868003, -5.475347012807763, -7.627127361507791, -1.9086691622630054, 0.8887703682318622, -1.4118450095382062, -6.837613917978874, -6.160101856960427, -3.3733259665291735]
eig-b: [-6.46772853880896, -3.8349452692282027, -2.895730497989873, -4.04261257620573e-10, 0.3249578441868003, -5.4753470128077915, -7.627127361507734, -1.9086691622630054, 0.8887703682318622, -1.4118450095381778, -6.837613917978903, -6.160101856960427, -3.3733259665291735]

eig: [-0.30286133125531856, -0.3040062129022809, -5.475435599392737, -3.372868411304462, -3.8343926356609646, -3.83463826984511, -3.834392635660965, 0.7263154904211473, 0.0, -1.05733898141133e-10]
eig-a: [-0.30286133125533254, -0.30400621290228536, -5.4754355993927, -3.3728684113044576, -3.834392635660949, -3.834638269845109, -3.834392635660948, 0.7263154904211406, 0.0, -1.0573123949092973e-10]
eig-b: [-0.3028613312553041, -0.30400621290228536, -5.475435599392728, -3.3728684113044576, -3.8343926356609774, -3.834638269845109, -3.8343926356609765, 0.7263154904211406, 0.0, -1.0573123949092973e-10]

eig: [-9.06247615929304, -8.78214768446393, -4.698295244948588, -7.563228416699527, -8.716851182989645, -8.63696620890974, -9.012844822565476, -4.698295244948588, -9.012844822565448, -9.012844822565476, -6.837444898523753]
eig-a: [-9.062476159293045, -8.78214768446393, -4.69829524494859, -7.563228416699479, -8.716851182989638, -8.636966208909765, -9.012844822565475, -4.69829524494859, -9.012844822565475, -9.012844822565475, -6.837444898523772]
eig-b: [-9.062476159293045, -8.78214768446393, -4.698295244948619, -7.563228416699479, -8.716851182989638, -8.636966208909737, -9.012844822565446, -4.698295244948619, -9.012844822565446, -9.012844822565446, -6.837444898523772]

eig: [-1.8196837708720537, -2.0604228997625356, -2.6609061526960125, -2.510742967087812, -1.483019104681322, -2.3965365297024155, -2.0882226181289547, -2.622404591546625, 2.378586014854009]
eig-a: [-1.8196837708720226, -2.060422899762502, -2.660906152696013, -2.51074296708778, -1.4830191046813264, -2.396536529702442, -2.0882226181289107, -2.622404591546598, 2.3785860148540188]
eig-b: [-1.819683770872051, -2.0604228997625302, -2.6609061526960414, -2.5107429670878085, -1.4830191046813264, -2.396536529702442, -2.088222618128939, -2.6224045915466263, 2.3785860148539903]

eig: [1.127430727792313, -6.4677285388089985, -8.782030503405588, -8.223187533088645, -8.045711899372847, -5.47516982038114, -9.051157981985678, -8.636930343333233, -5.47516982038114]
eig-a: [1.127430727792314, -6.467728538808983, -8.782030503405586, -8.223187533088646, -8.04571189937285, -5.475169820381143, -9.051157981985687, -8.636930343333233, -5.475169820381143]
eig-b: [1.127430727792314, -6.467728538808983, -8.782030503405586, -8.223187533088646, -8.04571189937285, -5.475169820381114, -9.051157981985687, -8.636930343333233, -5.475169820381114]

eig: [-4.2934604732038, -4.2934604732038, -1.216726048603633, -4.680948181842182, 4.780023505645008, -0.8198604860726897, -4.476456953796521, -4.202669542632124, -4.614675356117493, 5.255568122797794, -3.7707340499034654, 4.780023505645008, -3.722796481244909]
eig-a: [-4.293460473203801, -4.293460473203801, -1.216726048603607, -4.68094818184217, 4.780023505645032, -0.8198604860726917, -4.476456953796509, -4.202669542632092, -4.614675356117505, 5.2555681227978255, -3.7707340499034636, 4.780023505645032, -3.722796481244891]
eig-b: [-4.293460473203801, -4.293460473203801, -1.2167260486036353, -4.68094818184217, 4.780023505645004, -0.8198604860726917, -4.476456953796509, -4.202669542632092, -4.614675356117505, 5.2555681227978255, -3.7707340499034636, 4.780023505645004, -3.722796481244891]

eig: [-7.385186952364589, -6.159710452649241, -9.054379242661895, -9.062255175751154, -9.061396441063025, -8.894085511241062, -8.940270214685174, -6.838271446398431, -3.834576864189083, -0.9229897235946503, -8.223192485515911]
eig-a: [-7.385186952364617, -6.159710452649241, -9.054379242661891, -9.062255175751162, -9.061396441063053, -8.894085511241071, -8.940270214685178, -6.838271446398453, -3.834576864189059, -0.9229897235946591, -8.223192485515924]
eig-b: [-7.385186952364589, -6.159710452649241, -9.054379242661948, -9.062255175751162, -9.061396441063025, -8.894085511241071, -8.94027021468515, -6.838271446398453, -3.8345768641890876, -0.9229897235946307, -8.223192485515924]

eig: [-7.8469995033367885, -5.475347012807806, -1.9086186680371293, -6.467603146030548, -8.953867983776135, 1.0708468981180674, -0.30275227812887295, -5.828906688226288, -4.2772673400361665, -0.30384267808567134, -6.838170041201857, -5.0986413005234725, -2.405534000401472, -7.122102593254449]
eig-a: [-7.846999503336767, -5.475347012807805, -1.9086186680371418, -6.467603146030555, -8.953867983776133, 1.0708468981180292, -0.3027522781288656, -5.828906688226307, -4.277267340036149, -0.30384267808569554, -6.838170041201844, -5.098641300523437, -2.4055340004014703, -7.122102593254411]
eig-b: [-7.846999503336767, -5.475347012807776, -1.9086186680371418, -6.467603146030555, -8.953867983776162, 1.0708468981180577, -0.3027522781288656, -5.8289066882262786, -4.277267340036149, -0.30384267808569554, -6.838170041201844, -5.098641300523465, -2.4055340004014703, -7.122102593254411]

eig: [-3.0074977513030805, 2.4676720687188034, 3.5385952637689506, -5.598513492447812, 2.0474566398491643, 1.4051899416529448, -0.42736471323441627, -6.379104765322391, 1.309111271710616, 0.06211334309596683, -6.477614341120813]
eig-a: [-3.0074977513030916, 2.467672068718804, 3.5385952637689364, -5.598513492447789, 2.0474566398491802, 1.4051899416529459, -0.42736471323442693, -6.37910476532238, 1.3091112717106084, 0.06211334309595884, -6.477614341120821]
eig-b: [-3.0074977513030916, 2.4676720687187896, 3.5385952637689506, -5.598513492447846, 2.0474566398491802, 1.4051899416529174, -0.42736471323442693, -6.379104765322408, 1.3091112717106084, 0.06211334309595884, -6.47761434112085]

eig: [0.6330573451798293, -5.475568467235666, -0.9240412837770271, -5.828906688226276, -0.3044967779219063, -4.698916139767296, 0.7264532293196817, -2.405311454204933, -8.825609322264551, 1.1271034786772849, -7.12216208591624]
eig-a: [0.6330573451798285, -5.475568467235697, -0.9240412837770231, -5.828906688226293, -0.3044967779219139, -4.698916139767297, 0.7264532293196746, -2.4053114542049263, -8.825609322264512, 1.1271034786772756, -7.122162085916218]
eig-b: [0.6330573451798285, -5.475568467235669, -0.9240412837770231, -5.828906688226264, -0.3044967779219139, -4.698916139767297, 0.7264532293196888, -2.405311454204898, -8.82560932226454, 1.1271034786772756, -7.122162085916246]

eig: [-1.4118450095382011, -2.895522408140391, 1.1271034786772705, -3.834761075377636, -8.379872218731537, 0.8884437830622183, -3.835006663325779, -6.159852801675454, -4.27715275065493, -2.895869212724892, 0.0]
eig-a: [-1.411845009538192, -2.895522408140418, 1.1271034786772756, -3.834761075377596, -8.379872218731549, 0.8884437830622225, -3.8350066633257773, -6.15985280167545, -4.277152750654915, -2.8958692127248815, 0.0]
eig-b: [-1.411845009538192, -2.8955224081403896, 1.1271034786772614, -3.8347610753776245, -8.37987221873152, 0.8884437830622225, -3.8350066633257773, -6.15985280167545, -4.277152750654915, -2.8958692127248815, 0.0]

eig: [-8.82562706576379, -4.6990222260392205, 0.8885066530930186, -8.518242740512173, -4.276923549829961, -6.4678225691051905, -4.699181342238109, 0.633008154764213, -5.098884716672762, -7.122013343800215, 0.63306553667494, -2.405292441845852, -8.045751365555699, 0.0]
eig-a: [-8.825627065763818, -4.699022226039185, 0.8885066530930026, -8.518242740512168, -4.276923549829953, -6.467822569105196, -4.699181342238124, 0.6330081547642044, -5.098884716672768, -7.1220133438002, 0.6330655366749454, -2.4052924418458623, -8.04575136555568, 0.0]
eig-b: [-8.82562706576379, -4.699022226039242, 0.8885066530930168, -8.518242740512196, -4.276923549829953, -6.467822569105196, -4.699181342238096, 0.6330081547642044, -5.098884716672768, -7.1220133438002, 0.6330655366749454, -2.405292441845848, -8.045751365555708, 0.0]

eig: [-7.907582839822088, -4.698295244948588, -9.054478208789632, -8.894251224335854, -9.012844822565476, -8.63696620890974, -8.223155328330547, -9.012844822565448, -8.489956812388021, -9.012844822565448, -6.643800832960859, -8.63696620890974, -8.894251224335854]
eig-a: [-7.907582839822083, -4.69829524494859, -9.054478208789659, -8.894251224335846, -9.012844822565475, -8.636966208909765, -8.223155328330506, -9.012844822565475, -8.489956812388016, -9.012844822565475, -6.643800832960824, -8.636966208909765, -8.894251224335846]
eig-b: [-7.907582839822111, -4.698295244948619, -9.054478208789659, -8.894251224335846, -9.012844822565446, -8.636966208909737, -8.223155328330535, -9.012844822565446, -8.489956812387987, -9.012844822565446, -6.643800832960824, -8.636966208909737, -8.894251224335846]

eig: [0.0591222987284781, -2.622956982528369, 0.05912229872847809, 0.14478806791219342, -0.9239332961398837, -0.07483447602004949, 1.2134370029032424, 0.20747822378068212, -1.9541452018192154, -1.0891603602445081, -2.018119601149755, 0.13711098130356267, 0.7073769947039109]
eig-a: [0.05912229872848751, -2.6229569825284065, 0.05912229872851465, 0.1447880679122159, -0.9239332961398334, -0.0748344760200175, 1.2134370029032677, 0.20747822378072117, -1.9541452018192125, -1.0891603602444921, -2.018119601149752, 0.13711098130353616, 0.7073769947038903]
eig-b: [0.05912229872848751, -2.622956982528378, 0.059122298728486226, 0.14478806791218748, -0.9239332961398619, -0.07483447602004592, 1.2134370029032393, 0.20747822378069275, -1.9541452018192125, -1.0891603602444637, -2.018119601149752, 0.13711098130356458, 0.7073769947038903]

eig: [1.469929564153049, -1.1851807018790028, 0.6411857755090141, -0.8091181406686065, 0.6292332132959533, 0.6544673335339228, 0.24613466541143603, 1.1819386321842387, -0.31865566055694994, -1.2722501998384343, 1.018796049867243, 1.3465481894681905, 0.48449972687103576]
eig-a: [1.4699295641530692, -1.1851807018790224, 0.6411857755090019, -0.8091181406685859, 0.6292332132959468, 0.6544673335339262, 0.24613466541142692, 1.1819386321842071, -0.3186556605569515, -1.2722501998384272, 1.0187960498672726, 1.3465481894682088, 0.48449972687103904]
eig-b: [1.4699295641530692, -1.1851807018790508, 0.6411857755090303, -0.8091181406686143, 0.6292332132959468, 0.6544673335338977, 0.24613466541142692, 1.1819386321842356, -0.3186556605569799, -1.2722501998384272, 1.0187960498672726, 1.3465481894682088, 0.48449972687106746]

eig: [1.102279583365475, 0.530723336824132, 7.5819476771228285, 0.45677023987481347, 2.12692897881257, -1.0961692099474782, 1.8546344521040832, -0.9825507009761855, 4.541001626150379, 9.04741976390725]
eig-a: [1.102279583365446, 0.530723336824189, 7.581947677122857, 0.45677023987483256, 2.1269289788125967, -1.09616920994746, 1.8546344521041043, -0.9825507009762067, 4.541001626150368, 9.04741976390726]
eig-b: [1.1022795833654744, 0.5307233368241606, 7.581947677122857, 0.45677023987483256, 2.1269289788125967, -1.09616920994746, 1.8546344521041043, -0.9825507009762067, 4.541001626150396, 9.04741976390726]

eig: [0.8886385790968192, -8.940248843345392, -7.627022595656806, -9.012785456446561, -8.953841497428106, -9.062399667895182, 0.8886385790968192, -7.626938756697949, 0.8886385790968192, -8.980010271329274, -4.698916139767283]
eig-a: [0.8886385790968232, -8.940248843345374, -7.6270225956568, -9.012785456446586, -8.953841497428101, -9.062399667895184, 0.8886385790968232, -7.626938756697929, 0.8886385790968232, -8.980010271329249, -4.698916139767283]
eig-b: [0.8886385790968232, -8.940248843345403, -7.627022595656828, -9.012785456446586, -8.95384149742813, -9.062399667895184, 0.8886385790968232, -7.626938756697929, 0.8886385790968232, -8.980010271329249, -4.698916139767283]

eig: [-9.054406233839401, -8.73963275535744, -6.46792703285022, -8.223165240067994, -8.9980568107954, -9.061460140616086, -4.276923549829963, -5.475347012807779, -3.8343926356609503, -9.051135843046591, -6.159852801675415]
eig-a: [-9.054406233839414, -8.739632755357434, -6.467927032850252, -8.223165240067955, -8.998056810795399, -9.061460140616079, -4.276923549829953, -5.475347012807747, -3.8343926356609632, -9.05113584304658, -6.159852801675422]
eig-b: [-9.054406233839414, -8.739632755357405, -6.467927032850252, -8.223165240068012, -8.998056810795399, -9.061460140616107, -4.276923549829953, -5.4753470128077755, -3.8343926356609632, -9.05113584304658, -6.159852801675422]

eig: [-9.051054663352014, -5.828906688226315, -6.15971045264924, -3.373195246780776, -4.276751629904987, -2.0682570927302934e-10, -8.896103635849597, -6.838170041201857, -5.829026405958159, -8.953931544300657, -6.8375463141769375, -7.846966753723263]
eig-a: [-9.051054663352025, -5.828906688226307, -6.159710452649269, -3.3731952467807913, -4.276751629905009, -2.0683527892018914e-10, -8.89610363584957, -6.838170041201872, -5.829026405958153, -8.953931544300655, -6.8375463141769295, -7.846966753723277]
eig-b: [-9.051054663352025, -5.828906688226307, -6.15971045264924, -3.3731952467807913, -4.276751629904981, -2.0683527892018914e-10, -8.896103635849599, -6.838170041201844, -5.829026405958153, -8.953931544300655, -6.8375463141769295, -7.846966753723277]

eig: [-4.090791761563082, -0.7901969554110266, -1.2679843296004039, 3.4441366759649226, -2.1741586926775174, 0.8927678064464757, 0.08944308864811235, -4.4515188390048355, 0.5319575694579097, 5.092981436213974, 4.366595838681422]
eig-a: [-4.09079176156308, -0.7901969554110471, -1.2679843296004325, 3.444136675964904, -2.1741586926774614, 0.8927678064465034, 0.0894430886481139, -4.451518839004854, 0.5319575694579042, 5.092981436213977, 4.366595838681421]
eig-b: [-4.09079176156308, -0.7901969554110471, -1.2679843296004325, 3.4441366759649323, -2.1741586926775183, 0.892767806446475, 0.0894430886481139, -4.451518839004854, 0.5319575694579042, 5.092981436213977, 4.366595838681421]

eig: [-5.098543922276007, -8.739584488052136, 0.6330573451798177, -8.89606344977381, 0.7263154904211404, -6.467686743635318, -7.847048616982838, -3.834720141056352, -3.373195246780785, 0.26935321472983254, -3.8346382698451213, -8.37986791655056]
eig-a: [-5.098543922276002, -8.739584488052152, 0.6330573451798143, -8.89606344977381, 0.7263154904211273, -6.467686743635305, -7.847048616982863, -3.8347201410563194, -3.3731952467807753, 0.26935321472981855, -3.8346382698451373, -8.379867916550534]
eig-b: [-5.098543922276002, -8.739584488052152, 0.6330573451798143, -8.89606344977378, 0.7263154904211273, -6.467686743635305, -7.847048616982863, -3.834720141056348, -3.3731952467807753, 0.26935321472984697, -3.8346382698451373, -8.379867916550563]

eig: [-3.834761075377636, -5.4753470128078074, -6.4677285388089985, 0.3249578441867982, -1.838371578625166e-10, -4.27715275065493, -6.4677285388089985, 0.7250757314229305]
eig-a: [-3.834761075377653, -5.475347012807777, -6.467728538808975, 0.3249578441867861, -1.838449928364946e-10, -4.277152750654944, -6.467728538808975, 0.7250757314229332]
eig-b: [-3.8347610753776245, -5.475347012807806, -6.467728538808975, 0.3249578441867861, -1.838449928364946e-10, -4.277152750654944, -6.467728538808975, 0.7250757314229048]

